40.78
56.95
37.07
29.53
47.04
50.35
39.82
90.97
46.51
61.31
80.36
56.76
59.72
65.87
62.65
64.42
48.01
60.49
66.29
38.10
62.62
53.48
94.46
53.71
29.81
52.23
79.39
36.27
21.69
55.63
42.93
35.82
85.78
48.48
26.19
42.88
61.52
54.56
34.36
35.83
50.02
73.27
77.65
69.99
65.26
70.33
59.53
74.17
23.60
53.08
43.12
60.19
58.25
87.52
34.43
34.89
26.15
77.67
51.20
24.44
47.74
37.63
53.65
71.44
50.10
46.45
43.13
91.79
49.66
48.95
45.37
36.43
48.82
56.51
35.53
61.61
50.98
62.24
39.15
41.04
23.15
89.65
37.06
61.54
21.23
45.08
52.87
47.62
46.06
42.94
63.47
68.31
35.60
36.47
50.81
67.72
53.33
46.90
56.43
63.66
67.55
87.81
74.59
19.85
50.36
33.60
58.46
73.56
55.53
58.51
33.80
30.33
73.51
65.14
30.13
22.87
7.12
62.26
54.41
30.71
52.39
53.63
47.09
77.13
43.85
64.45
36.14
48.92
72.65
60.70
30.15
26.99
39.96
11.43
20.61
40.77
75.08
52.39
55.11
22.44
66.31
57.86
30.54
35.92
39.30
67.54
33.03
51.48
55.65
40.30
56.73
58.27
28.45
46.43
46.37
52.86
61.96
55.37
56.41
25.19
73.03
55.83
23.45
66.69
37.49
43.76
62.64
48.51
43.89
38.35
24.76
53.34
40.85
48.90
56.51
39.06
47.98
70.15
49.17
35.90
46.13
48.72
59.65
55.42
93.83
59.83
41.60
66.28
56.26
44.47
16.93
49.90
22.99
45.01
34.37
41.31
57.02
45.57
43.99
60.94
64.97
46.10
48.34
86.49
60.33
53.58
50.89
53.86
54.69
35.95
42.93
49.62
62.96
64.14
46.06
22.16
37.62
73.80
15.20
19.94
55.49
19.80
63.26
46.90
79.53
42.46
32.85
61.85
23.79
32.88
66.02
61.17
37.15
62.14
39.67
60.67
78.81
51.37
37.57
58.40
39.87
40.80
68.61
57.04
35.96
34.44
74.66
44.91
55.57
73.41
66.57
50.47
61.31
0.00
66.89
63.10
86.85
33.00
56.39
47.53
34.29
21.29
52.37
49.03
66.23
63.12
63.86
60.43
46.45
48.25
85.47
55.22
34.03
29.10
27.25
28.84
41.43
33.09
56.85
27.91
59.34
47.72
51.01
49.41
15.65
46.57
50.57
67.95
40.50
62.74
63.16
63.55
49.24
39.49
46.22
32.49
54.34
42.61
66.40
49.59
60.53
65.96
65.06
43.06
51.77
37.59
25.28
51.87
23.51
28.89
77.81
41.55
53.17
46.88
16.33
34.08
39.18
47.99
43.45
33.91
54.43
70.94
53.64
69.15
52.65
54.06
52.13
53.76
47.01
66.83
55.69
67.08
43.64
57.82
48.32
62.67
58.87
51.77
42.35
60.71
36.53
38.06
28.46
38.99
52.37
54.17
40.97
62.44
35.81
51.99
66.96
50.70
54.59
45.42
65.47
61.14
53.88
38.95
44.13
80.38
51.46
33.98
56.17
40.81
42.68
59.95
27.23
46.96
54.32
70.98
44.28
26.12
62.34
53.51
65.06
49.14
37.80
33.10
72.39
58.24
51.55
68.75
22.70
45.40
62.36
9.01
36.74
39.51
58.61
22.63
66.65
54.07
68.41
52.87
42.92
39.37
51.29
62.87
24.24
52.46
22.90
47.20
37.70
27.87
48.74
47.56
29.31
45.94
59.88
44.73
38.00
54.68
53.83
77.95
55.61
60.37
45.10
46.76
52.45
50.88
51.58
52.69
55.69
38.38
59.99
71.01
36.65
40.53
31.36
25.52
55.69
59.76
58.55
49.79
37.31
47.21
55.94
23.53
38.71
52.08
29.52
63.64
47.13
42.69
47.61
53.08
70.04
69.59
51.34
53.73
50.06
56.63
56.59
73.40
70.43
46.29
29.74
51.94
53.07
64.76
51.96
56.18
54.66
45.79
10.81
34.98
62.70
38.31
65.71
22.57
62.37
64.46
82.04
48.58
84.25
30.92
54.47
43.24
49.18
32.92
55.13
55.26
73.08
72.96
28.55
59.84
57.90
56.59
52.71
40.89
13.55
29.29
58.93
67.18
44.73
35.68
25.96
65.98
30.03
18.11
68.97
9.22
36.97
53.25
55.53
31.95
43.61
23.53
42.70
45.03
59.05
48.74
61.48
57.63
44.13
50.91
72.63
47.00
29.35
35.45
71.55
30.94
57.50
46.47
46.96
93.57
55.62
79.44
71.28
44.17
41.32
8.91
64.90
60.00
37.45
31.82
41.32
31.36
26.69
36.80
51.36
52.12
48.40
67.23
64.60
48.34
62.16
52.14
53.95
52.02
56.00
48.90
70.95
37.16
34.66
31.56
21.93
34.91
33.31
57.38
26.75
52.46
31.88
31.03
54.85
68.60
60.30
57.83
48.24
30.05
65.25
42.54
65.41
81.08
26.23
64.27
42.94
55.24
49.75
42.29
59.35
2.79
47.16
47.18
51.60
50.83
44.43
29.71
65.14
64.11
53.04
53.69
63.07
36.54
48.73
32.87
66.96
38.06
49.89
73.19
49.78
41.35
41.42
61.39
40.97
61.41
25.71
36.38
55.19
75.28
35.83
37.37
53.81
32.49
45.79
43.80
54.67
26.04
38.21
53.62
38.99
37.19
52.23
50.43
59.13
35.50
60.84
22.11
58.90
50.01
60.72
45.20
48.16
65.19
31.26
47.27
65.06
61.52
34.73
37.82
24.72
61.64
44.07
28.67
37.26
56.16
35.43
47.50
58.33
42.20
80.21
67.60
52.89
40.29
41.09
33.15
72.47
54.09
55.72
43.25
52.67
46.04
38.51
52.53
67.36
31.11
63.72
61.10
60.29
51.27
24.22
58.34
37.69
30.98
62.85
50.16
38.30
52.65
62.70
55.55
74.61
26.91
35.93
74.68
19.95
39.52
80.09
33.18
72.00
45.81
31.43
81.02
58.43
26.88
42.26
41.01
42.33
46.00
40.26
49.54
59.54
69.42
61.02
28.20
55.61
23.95
30.00
43.69
38.64
45.74
60.64
49.12
27.26
44.87
63.86
38.44
69.42
26.38
44.31
51.18
39.47
74.64
51.77
25.70
30.59
38.58
39.94
65.57
32.15
55.37
71.76
53.51
76.07
43.52
36.48
77.83
48.11
50.86
73.07
65.45
81.75
61.46
86.13
39.06
69.60
38.82
47.58
29.55
58.56
75.03
51.34
84.18
47.74
37.37
38.07
37.30
86.34
52.26
46.83
48.29
55.01
50.72
65.91
67.69
44.12
44.19
13.71
70.10
23.46
35.91
28.26
65.37
50.57
51.12
42.03
49.96
37.18
51.09
34.85
90.75
38.41
36.06
41.61
45.97
59.85
38.60
52.30
74.94
26.63
88.92
64.72
48.92
58.05
27.57
47.68
42.80
48.48
49.91
45.14
45.23
67.47
72.54
64.32
77.03
61.93
38.13
55.10
61.80
43.47
41.91
51.55
49.44
39.69
24.25
73.73
34.33
43.88
62.85
71.79
62.16
59.35
29.61
91.56
49.16
44.93
15.92
47.51
37.14
57.07
66.65
60.11
38.10
17.91
48.87
48.24
26.26
38.73
50.65
58.65
14.75
34.83
26.01
36.81
41.27
50.72
40.99
75.12
50.04
39.27
45.04
69.73
76.42
53.21
31.05
54.29
37.70
43.24
51.66
55.71
57.75
56.62
47.24
40.34
49.89
23.52
41.69
48.49
55.91
38.65
26.70
54.48
55.80
32.29
48.15
44.77
46.02
66.84
34.58
31.64
53.69
43.78
67.64
34.31
71.22
42.82
49.75
76.55
56.58
57.12
50.79
47.33
37.61
37.69
71.80
47.97
43.20
62.20
34.52
27.22
52.65
51.73
40.16
57.26
55.68
60.67
69.76
37.52
62.32
53.99
57.98
40.38
35.36
78.27
35.40
56.00
70.23
37.21
36.56
58.94
30.02
36.19
61.47
40.08
59.66
44.63
26.61
45.42
46.94
32.12
80.62
40.33
46.04
41.17
75.50
30.43
64.17
56.64
64.90
37.24
43.47
50.01
41.76
42.00
57.23
13.61
65.03
40.19
49.84
49.94
36.27
50.24
53.16
81.81
62.23
62.98
44.46
68.76
53.37
42.54
56.85
34.48
45.78
42.02
27.06
70.63
38.94
57.49
33.92
58.98
66.54
52.98
46.83
37.84
51.24
38.51
36.11
37.09
57.46
47.47
36.47
33.13
49.05
39.70
52.34
43.38
56.03
39.93
55.02
48.52
72.44
64.90
31.40
45.89
49.29
58.42
57.02
73.01
34.87
58.99
83.44